1 0.5047
2 0.3346
3 0.2561
4 0.2038
5 0.1666
6 0.1372
7 0.1198
8 0.1077
9 0.0969
10 0.0873
11 0.0775
12 0.0712
13 0.0654
14 0.0614
15 0.0573
16 0.0533
17 0.0497
18 0.0476
19 0.045
20 0.0435
21 0.042
22 0.0405
23 0.0398
24 0.0378
25 0.0374
26 0.0354
27 0.0347
28 0.033
29 0.0324
30 0.0312
31 0.0299
32 0.0283
33 0.0275
34 0.0271
35 0.0259
36 0.0248
37 0.024
38 0.0233
39 0.0226
40 0.0213
41 0.0213
42 0.0201
43 0.0201
44 0.0196
45 0.0196
46 0.0191
47 0.0188
48 0.0189
49 0.0189
50 0.0178
51 0.0171
52 0.0169
53 0.0168
54 0.017
55 0.0171
56 0.0171
57 0.0162
58 0.0158
59 0.016
60 0.0159
61 0.0155
62 0.0149
63 0.0148
64 0.0148
65 0.0146
66 0.0143
67 0.0148
68 0.0148
69 0.0145
70 0.0146
71 0.0146
72 0.0143
73 0.0146
74 0.0142
75 0.0142
76 0.0141
77 0.0137
78 0.0137
79 0.0135
80 0.0133
81 0.0131
82 0.0127
83 0.0126
84 0.0125
85 0.0127
86 0.0124
87 0.0122
88 0.012
89 0.0119
90 0.0116
91 0.0111
92 0.0112
93 0.0108
94 0.0107
95 0.0105
96 0.0104
97 0.0102
98 0.0101
99 0.0097
100 0.0098
