1 1
2 1
3 1
4 1
5 1
6 1
7 1
8 1
9 1
10 1
11 0.9136
12 0.8407
13 0.7798
14 0.7247
15 0.6812
16 0.6418
17 0.6065
18 0.574
19 0.5454
20 0.519
21 0.4953
22 0.4766
23 0.4564
24 0.4362
25 0.4194
26 0.4027
27 0.3876
28 0.373
29 0.358
30 0.3462
31 0.3361
32 0.3255
33 0.3144
34 0.3037
35 0.294
36 0.2873
37 0.2778
38 0.2702
39 0.2631
40 0.2558
41 0.2492
42 0.2439
43 0.2392
44 0.2345
45 0.2293
46 0.2247
47 0.2201
48 0.2157
49 0.2106
50 0.2055
51 0.2021
52 0.199
53 0.1954
54 0.1918
55 0.1878
56 0.1848
57 0.1821
58 0.1787
59 0.1753
60 0.1723
61 0.1694
62 0.1675
63 0.1653
64 0.1615
65 0.1589
66 0.156
67 0.1541
68 0.1514
69 0.1492
70 0.1475
71 0.1457
72 0.1443
73 0.1424
74 0.1407
75 0.1384
76 0.1365
77 0.1344
78 0.1326
79 0.1317
80 0.1308
81 0.1289
82 0.1274
83 0.1255
84 0.1239
85 0.1226
86 0.1208
87 0.1194
88 0.1178
89 0.116
90 0.1149
91 0.1137
92 0.1124
93 0.1113
94 0.1097
95 0.109
96 0.1076
97 0.1063
98 0.1052
99 0.1045
100 0.1035
