1 0.5047
2 0.3346
3 0.5144
4 0.4004
5 0.5022
6 0.4223
7 0.4972
8 0.4477
9 0.4038
10 0.3572
11 0.3303
12 0.3052
13 0.2826
14 0.2575
15 0.2429
16 0.2336
17 0.2222
18 0.2111
19 0.1973
20 0.1845
21 0.1741
22 0.1697
23 0.2043
24 0.2014
25 0.1905
26 0.1853
27 0.1741
28 0.1675
29 0.1626
30 0.1557
31 0.1523
32 0.1435
33 0.1393
34 0.138
35 0.1294
36 0.1229
37 0.1204
38 0.1196
39 0.1196
40 0.1123
41 0.1118
42 0.1078
43 0.1091
44 0.1053
45 0.1041
46 0.0992
47 0.0957
48 0.1185
49 0.1116
50 0.1135
51 0.1117
52 0.1078
53 0.1054
54 0.109
55 0.1077
56 0.1021
57 0.1187
58 0.1173
59 0.1152
60 0.1356
61 0.1293
62 0.1246
63 0.1258
64 0.1229
65 0.1195
66 0.1155
67 0.1117
68 0.113
69 0.1146
70 0.1123
71 0.1092
72 0.11
73 0.1076
74 0.1045
75 0.1045
76 0.1038
77 0.1026
78 0.0997
79 0.097
80 0.0972
81 0.0991
82 0.0964
83 0.0917
84 0.0893
85 0.0908
86 0.0892
87 0.0878
88 0.0879
89 0.0839
90 0.0965
91 0.0929
92 0.0874
93 0.0898
94 0.0911
95 0.0895
96 0.092
97 0.0892
98 0.0842
99 0.0972
100 0.0978
